MatLab_Problem1_2_3


y =


28.2904




ans =


4.9558




ans =


2.1523




ans =


0.7071




ans =


2.2026e+04


MatLab_Problem2_2_3


x =


Columns 1 through 18


0 0.1010 0.2020 0.3030 0.4040 0.5051 0.6061 0.7071 0.8081 0.9091 1.0101 1.1111 1.2121 1.3131 1.4141 1.5152 1.6162 1.7172


Columns 19 through 36


1.8182 1.9192 2.0202 2.1212 2.2222 2.3232 2.4242 2.5253 2.6263 2.7273 2.8283 2.9293 3.0303 3.1313 3.2323 3.3333 3.4343 3.5354


Columns 37 through 54


3.6364 3.7374 3.8384 3.9394 4.0404 4.1414 4.2424 4.3434 4.4444 4.5455 4.6465 4.7475 4.8485 4.9495 5.0505 5.1515 5.2525 5.3535


Columns 55 through 72


5.4545 5.5556 5.6566 5.7576 5.8586 5.9596 6.0606 6.1616 6.2626 6.3636 6.4646 6.5657 6.6667 6.7677 6.8687 6.9697 7.0707 7.1717


Columns 73 through 90


7.2727 7.3737 7.4747 7.5758 7.6768 7.7778 7.8788 7.9798 8.0808 8.1818 8.2828 8.3838 8.4848 8.5859 8.6869 8.7879 8.8889 8.9899


Columns 91 through 100


9.0909 9.1919 9.2929 9.3939 9.4949 9.5960 9.6970 9.7980 9.8990 10.0000


MatLab_Problem3_2_3


n =


5




H =


16 8 0 0 0
8 16 8 0 0
0 8 16 8 0
0 0 8 16 8
0 0 0 8 16




Eigenvectors =


0.2887 -0.5000 0.5774 0.5000 -0.2887
-0.5000 0.5000 -0.0000 0.5000 -0.5000
0.5774 0.0000 -0.5774 -0.0000 -0.5774
-0.5000 -0.5000 -0.0000 -0.5000 -0.5000
0.2887 0.5000 0.5774 -0.5000 -0.2887




Eigenvalues =


2.1436 0 0 0 0
0 8.0000 0 0 0
0 0 16.0000 0 0
0 0 0 24.0000 0
0 0 0 0 29.8564


MatLab_Problem4_2_3


n =


10




H =


16 8 0 0 0 0 0 0 0 0
8 16 8 0 0 0 0 0 0 0
0 8 16 8 0 0 0 0 0 0
0 0 8 16 8 0 0 0 0 0
0 0 0 8 16 8 0 0 0 0
0 0 0 0 8 16 8 0 0 0
0 0 0 0 0 8 16 8 0 0
0 0 0 0 0 0 8 16 8 0
0 0 0 0 0 0 0 8 16 8
0 0 0 0 0 0 0 0 8 16




Eigenvectors =


-0.1201 -0.2305 -0.3223 -0.3879 0.4221 0.4221 0.3879 0.3223 -0.2305 0.1201
0.2305 0.3879 0.4221 0.3223 -0.1201 0.1201 0.3223 0.4221 -0.3879 0.2305
-0.3223 -0.4221 -0.2305 0.1201 -0.3879 -0.3879 -0.1201 0.2305 -0.4221 0.3223
0.3879 0.3223 -0.1201 -0.4221 0.2305 -0.2305 -0.4221 -0.1201 -0.3223 0.3879
-0.4221 -0.1201 0.3879 0.2305 0.3223 0.3223 -0.2305 -0.3879 -0.1201 0.4221
0.4221 -0.1201 -0.3879 0.2305 -0.3223 0.3223 0.2305 -0.3879 0.1201 0.4221
-0.3879 0.3223 0.1201 -0.4221 -0.2305 -0.2305 0.4221 -0.1201 0.3223 0.3879
0.3223 -0.4221 0.2305 0.1201 0.3879 -0.3879 0.1201 0.2305 0.4221 0.3223
-0.2305 0.3879 -0.4221 0.3223 0.1201 0.1201 -0.3223 0.4221 0.3879 0.2305
0.1201 -0.2305 0.3223 -0.3879 -0.4221 0.4221 -0.3879 0.3223 0.2305 0.1201




Eigenvalues =


0.6481 0 0 0 0 0 0 0 0 0
0 2.5399 0 0 0 0 0 0 0 0
0 0 5.5222 0 0 0 0 0 0 0
0 0 0 9.3534 0 0 0 0 0 0
0 0 0 0 13.7230 0 0 0 0 0
0 0 0 0 0 18.2770 0 0 0 0
0 0 0 0 0 0 22.6466 0 0 0
0 0 0 0 0 0 0 26.4778 0 0
0 0 0 0 0 0 0 0 29.4601 0
0 0 0 0 0 0 0 0 0 31.3519